%YAML:1.0
img1: !!opencv-matrix
   rows: 1
   cols: 200
   dt: f
   data: [ 0., 1.43540669e-02, 0., 0., 0., 0., 0., 1.14832535e-01,
       9.56937764e-03, 9.56937764e-03, 0., 0., 0., 4.78468882e-03, 0.,
       0., 4.78468882e-03, 9.56937764e-03, 4.78468882e-03, 0., 0.,
       9.56937764e-03, 0., 0., 4.78468882e-03, 0., 0., 0., 0.,
       4.78468882e-03, 0., 4.78468882e-03, 0., 0., 2.87081338e-02, 0.,
       0., 0., 0., 0., 0., 0., 9.56937764e-03, 9.56937745e-02, 0., 0.,
       0., 0., 0., 0., 0., 0., 0., 0., 0., 0., 4.78468882e-03,
       1.43540669e-02, 0., 0., 0., 9.56937764e-03, 9.56937764e-03, 0.,
       0., 0., 0., 0., 0., 4.78468882e-03, 0., 0., 0., 9.56937764e-03,
       4.78468882e-03, 0., 0., 0., 4.78468882e-03, 0., 0., 0.,
       4.30621989e-02, 4.78468882e-03, 0., 1.43540669e-02,
       2.39234436e-02, 0., 0., 1.43540669e-02, 0., 4.78468882e-03, 0.,
       2.87081338e-02, 0., 0., 0., 0., 0., 0., 1.43540669e-02, 0., 0.,
       0., 0., 0., 0., 0., 0., 7.17703328e-02, 0., 0., 0.,
       1.43540669e-02, 0., 4.78468882e-03, 0., 0., 0., 4.78468882e-03,
       4.78468882e-03, 4.78468882e-03, 0., 0., 0., 0., 0., 0., 0.,
       9.56937764e-03, 3.34928222e-02, 0., 4.78468882e-03, 0., 0., 0.,
       0., 0., 0., 0., 9.09090862e-02, 2.39234436e-02, 0.,
       1.91387553e-02, 0., 4.78468882e-03, 4.78468882e-03,
       9.56937764e-03, 0., 0., 0., 0., 0., 9.56937764e-03, 0., 0., 0.,
       0., 1.43540669e-02, 4.78468882e-03, 0., 0., 4.78468882e-03, 0.,
       0., 0., 0., 0., 1.91387553e-02, 0., 0., 0., 0., 2.87081338e-02,
       0., 0., 0., 0., 0., 0., 4.78468882e-03, 9.56937764e-03,
       1.43540669e-02, 4.78468882e-03, 0., 0., 9.56937764e-03, 0., 0.,
       0., 0., 0., 0., 0., 0., 0., 0., 0., 9.56937764e-03,
       1.91387553e-02 ]
