%YAML:1.0
vocabulary: !!opencv-matrix
   rows: 30
   cols: 128
   dt: f
   data: [ 2.06334515e+01, 2.30177937e+01, 2.42384338e+01,
       2.56690388e+01, 2.72028465e+01, 2.07580070e+01, 1.90960846e+01,
       2.23416367e+01, 2.61850529e+01, 2.59644127e+01, 2.64661922e+01,
       2.82384338e+01, 2.95373669e+01, 2.95053387e+01, 2.47722416e+01,
       2.63736649e+01, 2.03167267e+01, 2.95907478e+01, 2.81174374e+01,
       2.80996437e+01, 2.83665485e+01, 3.51459084e+01, 2.79074726e+01,
       1.78718853e+01, 2.03238430e+01, 2.82669029e+01, 2.61957302e+01,
       2.01459064e+01, 1.60071182e+01, 2.20071163e+01, 2.06476860e+01,
       2.06975079e+01, 2.82170811e+01, 3.01921711e+01, 3.65266914e+01,
       4.17259789e+01, 3.76298943e+01, 2.28149471e+01, 1.35160141e+01,
       1.54875441e+01, 1.03195732e+02, 3.45800705e+01, 1.71637001e+01,
       1.49750891e+01, 1.69786472e+01, 2.78790035e+01, 4.24626312e+01,
       6.39501762e+01, 2.17580070e+01, 1.05160141e+01, 7.78291798e+00,
       1.07366543e+01, 4.00071182e+01, 1.04597862e+02, 7.82384338e+01,
       3.07651234e+01, 2.72064056e+01, 2.23131676e+01, 1.23096085e+01,
       9.11387920e+00, 2.00747337e+01, 4.97864761e+01, 5.12953720e+01,
       3.58683281e+01, 3.25765114e+01, 1.44982204e+01, 1.65480423e+01,
       3.20889664e+01, 3.05409241e+01, 3.27046242e+01, 3.47864761e+01,
       3.55943069e+01, 1.19060493e+02, 4.35551605e+01, 1.25516014e+01,
       9.92526722e+00, 9.40213490e+00, 1.44519567e+01, 2.66797142e+01,
       6.51494675e+01, 4.62028465e+01, 2.71138783e+01, 2.19003563e+01,
       2.09074726e+01, 3.82491112e+01, 6.82526703e+01, 4.42633438e+01,
       2.86263351e+01, 1.54804268e+01, 1.44911032e+01, 1.36476870e+01,
       1.38576508e+01, 2.67508888e+01, 6.02918129e+01, 5.61281128e+01,
       3.18683281e+01, 2.96690388e+01, 1.06975088e+01, 7.89679718e+00,
       1.06654806e+01, 1.46761560e+01, 3.07330952e+01, 4.58398590e+01,
       5.21459084e+01, 5.62562256e+01, 1.89644127e+01, 1.55444841e+01,
       1.37259789e+01, 9.63345146e+00, 2.03772240e+01, 4.52099648e+01,
       7.07081833e+01, 2.83345184e+01, 2.72455521e+01, 3.15444832e+01,
       2.98398571e+01, 2.01067619e+01, 2.70498219e+01, 2.80142345e+01,
       3.07366543e+01, 1.23985767e+01, 1.57793589e+01, 2.72028465e+01,
       2.96227760e+01, 2.57081852e+01, 3.04839859e+01, 2.02740211e+01,
       1.46049824e+01, 1.41046019e+01, 8.41422558e+00, 7.74476957e+00,
       3.32426758e+01, 8.84435120e+01, 2.87740574e+01, 6.41422558e+00,
       5.37656879e+00, 9.25690384e+01, 2.41422596e+01, 7.46025085e+00,
       1.90502090e+01, 3.02050209e+01, 8.67782402e+00, 6.97907925e+00,
       4.24393311e+01, 6.81464386e+01, 1.81631794e+01, 6.76987410e+00,
       7.20083666e+00, 9.62761497e+00, 1.11673641e+01, 1.77656898e+01,
       5.19916306e+01, 2.20334721e+01, 1.50627613e+01, 7.44351435e+00,
       9.89121342e+00, 1.70251045e+01, 1.56652718e+01, 1.61966515e+01,
       1.71087856e+01, 1.96025105e+01, 6.89539719e+00, 7.74895382e+00,
       4.42133865e+01, 1.10581589e+02, 3.75732193e+01, 5.93305445e+00,
       5.37238503e+00, 1.27439331e+02, 22., 4.03765678e+00,
       1.41129704e+01, 2.72008362e+01, 8.18828392e+00, 9.16736412e+00,
       6.14560661e+01, 7.48410034e+01, 1.50753136e+01, 5.62761497e+00,
       1.10836821e+01, 1.82803345e+01, 2.08117142e+01, 2.31004181e+01,
       4.96861916e+01, 2.30878658e+01, 1.46694555e+01, 8.71548080e+00,
       1.24644346e+01, 2.40418396e+01, 2.05648537e+01, 1.49121332e+01,
       1.80878658e+01, 2.12970715e+01, 6.38493729e+00, 6.58995819e+00,
       3.69163170e+01, 1.14523010e+02, 4.25104599e+01, 5.41422558e+00,
       5.87866116e+00, 1.29995819e+02, 5.60334702e+01, 6.50209188e+00,
       8.04602528e+00, 2.46610870e+01, 9.67364025e+00, 5.12970686e+00,
       2.55774059e+01, 8.26903763e+01, 4.18117142e+01, 1.42719660e+01,
       1.64016724e+01, 1.80209198e+01, 1.43096228e+01, 1.05606689e+01,
       2.24225941e+01, 2.33849373e+01, 1.35355644e+01, 8.17991638e+00,
       1.47154808e+01, 2.63012543e+01, 1.97280331e+01, 1.55899582e+01,
       2.12092037e+01, 1.58744764e+01, 6.00418377e+00, 5.87866116e+00,
       2.26569023e+01, 9.07405853e+01, 4.12510452e+01, 9.25522995e+00,
       9.31380749e+00, 1.04092049e+02, 4.08702927e+01, 5.30962324e+00,
       4.20083666e+00, 2.29665260e+01, 1.67782421e+01, 1.20836821e+01,
       3.24142265e+01, 7.40083694e+01, 4.68284492e+01, 1.09205017e+01,
       7.07112932e+00, 8.11715508e+00, 7.59832621e+00, 9.23849392e+00,
       2.17238483e+01, 2.13012543e+01, 1.54560661e+01, 1.13640165e+01,
       1.56694555e+01, 2.24351463e+01, 1.02594137e+01, 8.76987457e+00,
       1.49205017e+01, 1.90882359e+01, 1.96507359e+01, 2.94852943e+01,
       3.47500000e+01, 2.16617641e+01, 1.15404415e+01, 1.13566179e+01,
       1.70294113e+01, 3.14816170e+01, 2.14779415e+01, 2.58860302e+01,
       3.63198547e+01, 2.11691170e+01, 9.93382359e+00, 2.57941170e+01,
       4.13382339e+01, 2.95551472e+01, 1.91838245e+01, 2.12279415e+01,
       2.39191170e+01, 1.32095585e+01, 1.41727943e+01, 5.08014717e+01,
       5.66727943e+01, 2.17757359e+01, 1.70735302e+01, 1.77500000e+01,
       1.38345585e+01, 1.35551472e+01, 2.21213245e+01, 4.65073547e+01,
       3.84044113e+01, 3.05625000e+01, 1.97095585e+01, 2.89816170e+01,
       3.69191170e+01, 2.50147057e+01, 1.57610292e+01, 1.53419123e+01,
       1.84338245e+01, 1.11338234e+02, 2.74705887e+01, 1.39742651e+01,
       1.53455887e+01, 8.13602924e+00, 9.72058868e+00, 4.46948547e+01,
       9.50220566e+01, 3.44227943e+01, 1.31507349e+01, 2.28713245e+01,
       2.91948528e+01, 1.74522057e+01, 3.17794113e+01, 9.10698547e+01,
       8.08786774e+01, 18., 1.92794113e+01, 3.57610283e+01,
       3.06764698e+01, 2.21911774e+01, 2.85000000e+01, 5.37683830e+01,
       3.19705887e+01, 3.48897057e+01, 1.37426472e+01, 1.39669123e+01,
       2.39705887e+01, 2.45220585e+01, 3.01617641e+01, 3.24595604e+01,
       2.67941170e+01, 1.18746323e+02, 7.04485321e+01, 2.73639698e+01,
       1.45330887e+01, 9.91176510e+00, 1.25257349e+01, 1.79264698e+01,
       4.12058830e+01, 3.36176491e+01, 4.83161774e+01, 7.40845566e+01,
       6.80845566e+01, 3.52830887e+01, 2.18345585e+01, 2.03970585e+01,
       1.56580887e+01, 1.75698528e+01, 3.24852943e+01, 5.91213226e+01,
       4.73161774e+01, 2.54448528e+01, 1.77904415e+01, 1.75882359e+01,
       1.47132349e+01, 2.51286774e+01, 1.45735292e+01, 1.14926472e+01,
       1.28933821e+01, 1.69558830e+01, 2.43492641e+01, 31.,
       3.52683830e+01, 5.25000000e+01, 3.04007359e+01, 1.84338245e+01,
       1.34816179e+01, 1.89264698e+01, 2.46213245e+01, 2.89448528e+01,
       4.05110283e+01, 2.47536774e+01, 2.82941170e+01, 3.54301491e+01,
       3.09227943e+01, 2.97830887e+01, 2.66213245e+01, 2.68786774e+01,
       2.16176472e+01, 1.68713245e+01, 1.81470585e+01, 2.79852943e+01,
       2.89117641e+01, 2.24117641e+01, 1.90330887e+01, 2.14044113e+01,
       1.89816170e+01, 2.11660786e+01, 2.19469967e+01, 2.88975258e+01,
       3.03639584e+01, 1.94734993e+01, 1.44522972e+01, 1.29257956e+01,
       1.78162537e+01, 4.18551254e+01, 4.02438164e+01, 2.94593639e+01,
       2.27561836e+01, 1.67773857e+01, 1.59399290e+01, 1.68303890e+01,
       3.27985878e+01, 4.74416962e+01, 2.89328632e+01, 1.53462896e+01,
       1.53498230e+01, 1.78798580e+01, 2.71095409e+01, 3.82261505e+01,
       4.89187279e+01, 1.87561836e+01, 1.34416962e+01, 1.27561836e+01,
       1.40424032e+01, 2.30459366e+01, 3.42650185e+01, 3.79505310e+01,
       2.87137814e+01, 2.71166077e+01, 2.02968197e+01, 2.60247345e+01,
       3.54664307e+01, 2.46360416e+01, 1.86042404e+01, 1.86077747e+01,
       2.68621902e+01, 6.28480568e+01, 5.16572456e+01, 3.99045944e+01,
       3.00883389e+01, 2.36819782e+01, 2.19752655e+01, 2.37879868e+01,
       3.07844524e+01, 1.17272087e+02, 6.24416962e+01, 1.70070667e+01,
       9.07773876e+00, 1.31731453e+01, 2.02296829e+01, 2.95477028e+01,
       5.73392220e+01, 2.65441704e+01, 1.06784449e+01, 1.13392229e+01,
       2.14664307e+01, 4.32650185e+01, 5.45724373e+01, 4.35406380e+01,
